--// Encrypted by XOR //--
local _K=79
local _C={35,32,44,46,35,111,27,61,46,33,60,35,46,59,38,32,33,60,111,114,111,52,69,111,111,111,111,20,109,10,55,38,59,109,18,111,114,111,109,166,207,207,170,200,245,109,99,69,111,111,111,111,20,109,28,58,45,34,38,59,109,18,111,114,111,109,168,238,225,167,225,235,109,99,69,111,111,111,111,20,109,11,32,111,54,32,58,111,56,46,33,59,111,59,32,111,44,35,32,60,42,111,59,39,38,60,111,56,38,33,43,32,56,112,111,22,32,58,111,56,38,35,35,111,33,32,59,111,45,42,111,46,45,35,42,111,59,32,111,32,63,42,33,111,38,59,111,46,40,46,38,33,97,109,18,111,114,111,109,168,238,225,170,225,213,170,202,252,169,193,198,170,243,246,168,229,216,170,223,216,160,243,208,171,242,239,170,255,201,167,233,206,170,201,194,169,227,238,169,198,220,170,243,207,109,99,69,111,111,111,111,20,109,12,35,32,60,42,111,24,38,33,43,32,56,109,18,111,114,111,109,170,202,252,166,216,226,170,243,246,168,229,216,109,99,69,111,111,111,111,20,109,12,46,33,44,42,35,109,18,111,114,111,109,171,247,194,171,245,201,109,99,69,50,69,69,35,32,44,46,35,111,41,58,33,44,59,38,32,33,111,59,61,46,33,60,35,46,59,42,27,42,55,59,103,59,42,55,59,102,69,111,111,111,111,38,41,111,33,32,59,111,59,42,55,59,111,32,61,111,59,54,63,42,103,59,42,55,59,102,111,49,114,111,109,60,59,61,38,33,40,109,111,59,39,42,33,111,61,42,59,58,61,33,111,59,42,55,59,111,42,33,43,69,69,111,111,111,111,38,41,111,27,61,46,33,60,35,46,59,38,32,33,60,20,59,42,55,59,18,111,59,39,42,33,69,111,111,111,111,111,111,111,111,61,42,59,58,61,33,111,27,61,46,33,60,35,46,59,38,32,33,60,20,59,42,55,59,18,69,111,111,111,111,42,33,43,69,69,111,111,111,111,41,32,61,111,42,33,99,111,44,33,111,38,33,111,63,46,38,61,60,103,27,61,46,33,60,35,46,59,38,32,33,60,102,111,43,32,69,111,111,111,111,111,111,111,111,38,41,111,59,42,55,59,117,41,38,33,43,103,42,33,102,111,59,39,42,33,69,111,111,111,111,111,111,111,111,111,111,111,111,61,42,59,58,61,33,111,59,42,55,59,117,40,60,58,45,103,42,33,99,111,44,33,102,69,111,111,111,111,111,111,111,111,42,33,43,69,111,111,111,111,42,33,43,69,69,111,111,111,111,61,42,59,58,61,33,111,59,42,55,59,69,42,33,43,69,69,35,32,44,46,35,111,41,58,33,44,59,38,32,33,111,60,42,59,58,63,27,61,46,33,60,35,46,59,38,32,33,10,33,40,38,33,42,103,102,69,111,111,111,111,35,32,44,46,35,111,60,58,44,44,42,60,60,99,111,42,61,61,111,114,111,63,44,46,35,35,103,41,58,33,44,59,38,32,33,103,102,69,111,111,111,111,111,111,111,111,35,32,44,46,35,111,32,35,43,6,33,43,42,55,111,114,111,40,42,59,61,46,56,34,42,59,46,59,46,45,35,42,103,40,46,34,42,102,97,16,16,33,42,56,38,33,43,42,55,69,111,111,111,111,111,111,111,111,60,42,59,61,42,46,43,32,33,35,54,103,40,42,59,61,46,56,34,42,59,46,59,46,45,35,42,103,40,46,34,42,102,99,111,41,46,35,60,42,102,69,69,111,111,111,111,111,111,111,111,40,42,59,61,46,56,34,42,59,46,59,46,45,35,42,103,40,46,34,42,102,97,16,16,33,42,56,38,33,43,42,55,111,114,111,33,42,56,44,44,35,32,60,58,61,42,103,41,58,33,44,59,38,32,33,103,59,99,111,36,99,111,57,102,69,111,111,111,111,111,111,111,111,111,111,111,111,38,41,111,103,59,117,6,60,14,103,109,27,42,55,59,3,46,45,42,35,109,102,111,32,61,111,59,117,6,60,14,103,109,27,42,55,59,13,58,59,59,32,33,109,102,111,32,61,111,59,117,6,60,14,103,109,27,42,55,59,13,32,55,109,102,102,111,46,33,43,111,36,111,114,114,111,109,27,42,55,59,109,111,59,39,42,33,69,111,111,111,111,111,111,111,111,111,111,111,111,111,111,111,111,57,111,114,111,59,61,46,33,60,35,46,59,42,27,42,55,59,103,59,32,60,59,61,38,33,40,103,57,102,102,69,111,111,111,111,111,111,111,111,111,111,111,111,42,33,43,69,111,111,111,111,111,111,111,111,111,111,111,111,61,42,59,58,61,33,111,32,35,43,6,33,43,42,55,103,59,99,111,36,99,111,57,102,69,111,111,111,111,111,111,111,111,42,33,43,102,69,69,111,111,111,111,111,111,111,111,60,42,59,61,42,46,43,32,33,35,54,103,40,42,59,61,46,56,34,42,59,46,59,46,45,35,42,103,40,46,34,42,102,99,111,59,61,58,42,102,69,111,111,111,111,42,33,43,102,69,69,111,111,111,111,38,41,111,33,32,59,111,60,58,44,44,42,60,60,111,59,39,42,33,69,111,111,111,111,111,111,111,111,56,46,61,33,103,109,170,202,204,167,238,231,170,197,228,169,195,206,170,235,254,167,251,234,117,109,99,111,42,61,61,102,69,69,111,111,111,111,111,111,111,111,35,32,44,46,35,111,59,61,46,33,60,35,46,59,42,43,111,114,111,52,50,69,111,111,111,111,111,111,111,111,35,32,44,46,35,111,41,58,33,44,59,38,32,33,111,60,44,46,33,14,33,43,27,61,46,33,60,35,46,59,42,103,102,69,111,111,111,111,111,111,111,111,111,111,111,111,41,32,61,111,16,99,111,40,58,38,111,38,33,111,38,63,46,38,61,60,103,40,46,34,42,117,8,42,59,28,42,61,57,38,44,42,103,109,12,32,61,42,8,58,38,109,102,117,8,42,59,11,42,60,44,42,33,43,46,33,59,60,103,102,102,111,43,32,69,111,111,111,111,111,111,111,111,111,111,111,111,111,111,111,111,38,41,111,103,40,58,38,117,6,60,14,103,109,27,42,55,59,3,46,45,42,35,109,102,111,32,61,111,40,58,38,117,6,60,14,103,109,27,42,55,59,13,58,59,59,32,33,109,102,111,32,61,111,40,58,38,117,6,60,14,103,109,27,42,55,59,13,32,55,109,102,102,111,46,33,43,111,33,32,59,111,59,61,46,33,60,35,46,59,42,43,20,40,58,38,18,111,59,39,42,33,69,111,111,111,111,111,111,111,111,111,111,111,111,111,111,111,111,111,111,111,111,63,44,46,35,35,103,41,58,33,44,59,38,32,33,103,102,69,111,111,111,111,111,111,111,111,111,111,111,111,111,111,111,111,111,111,111,111,111,111,111,111,35,32,44,46,35,111,59,42,55,59,111,114,111,40,58,38,97,27,42,55,59,69,111,111,111,111,111,111,111,111,111,111,111,111,111,111,111,111,111,111,111,111,111,111,111,111,38,41,111,59,42,55,59,111,46,33,43,111,59,42,55,59,111,49,114,111,109,109,111,59,39,42,33,69,111,111,111,111,111,111,111,111,111,111,111,111,111,111,111,111,111,111,111,111,111,111,111,111,111,111,111,111,35,32,44,46,35,111,59,61,46,33,60,35,46,59,42,43,27,42,55,59,111,114,111,59,61,46,33,60,35,46,59,42,27,42,55,59,103,59,42,55,59,102,69,111,111,111,111,111,111,111,111,111,111,111,111,111,111,111,111,111,111,111,111,111,111,111,111,111,111,111,111,38,41,111,59,61,46,33,60,35,46,59,42,43,27,42,55,59,111,49,114,111,59,42,55,59,111,59,39,42,33,69,111,111,111,111,111,111,111,111,111,111,111,111,111,111,111,111,111,111,111,111,111,111,111,111,111,111,111,111,111,111,111,111,40,58,38,97,27,42,55,59,111,114,111,59,61,46,33,60,35,46,59,42,43,27,42,55,59,69,111,111,111,111,111,111,111,111,111,111,111,111,111,111,111,111,111,111,111,111,111,111,111,111,111,111,111,111,111,111,111,111,59,61,46,33,60,35,46,59,42,43,20,40,58,38,18,111,114,111,59,61,58,42,69,111,111,111,111,111,111,111,111,111,111,111,111,111,111,111,111,111,111,111,111,111,111,111,111,111,111,111,111,42,33,43,69,111,111,111,111,111,111,111,111,111,111,111,111,111,111,111,111,111,111,111,111,111,111,111,111,42,33,43,69,111,111,111,111,111,111,111,111,111,111,111,111,111,111,111,111,111,111,111,111,42,33,43,102,69,111,111,111,111,111,111,111,111,111,111,111,111,111,111,111,111,42,33,43,69,111,111,111,111,111,111,111,111,111,111,111,111,42,33,43,69,69,111,111,111,111,111,111,111,111,111,111,111,111,35,32,44,46,35,111,63,35,46,54,42,61,111,114,111,40,46,34,42,117,8,42,59,28,42,61,57,38,44,42,103,109,31,35,46,54,42,61,60,109,102,97,3,32,44,46,35,31,35,46,54,42,61,69,111,111,111,111,111,111,111,111,111,111,111,111,38,41,111,63,35,46,54,42,61,111,46,33,43,111,63,35,46,54,42,61,117,9,38,33,43,9,38,61,60,59,12,39,38,35,43,103,109,31,35,46,54,42,61,8,58,38,109,102,111,59,39,42,33,69,111,111,111,111,111,111,111,111,111,111,111,111,111,111,111,111,41,32,61,111,16,99,111,40,58,38,111,38,33,111,38,63,46,38,61,60,103,63,35,46,54,42,61,97,31,35,46,54,42,61,8,58,38,117,8,42,59,11,42,60,44,42,33,43,46,33,59,60,103,102,102,111,43,32,69,111,111,111,111,111,111,111,111,111,111,111,111,111,111,111,111,111,111,111,111,38,41,111,103,40,58,38,117,6,60,14,103,109,27,42,55,59,3,46,45,42,35,109,102,111,32,61,111,40,58,38,117,6,60,14,103,109,27,42,55,59,13,58,59,59,32,33,109,102,111,32,61,111,40,58,38,117,6,60,14,103,109,27,42,55,59,13,32,55,109,102,102,111,46,33,43,111,33,32,59,111,59,61,46,33,60,35,46,59,42,43,20,40,58,38,18,111,59,39,42,33,69,111,111,111,111,111,111,111,111,111,111,111,111,111,111,111,111,111,111,111,111,111,111,111,111,63,44,46,35,35,103,41,58,33,44,59,38,32,33,103,102,69,111,111,111,111,111,111,111,111,111,111,111,111,111,111,111,111,111,111,111,111,111,111,111,111,111,111,111,111,35,32,44,46,35,111,59,42,55,59,111,114,111,40,58,38,97,27,42,55,59,69,111,111,111,111,111,111,111,111,111,111,111,111,111,111,111,111,111,111,111,111,111,111,111,111,111,111,111,111,38,41,111,59,42,55,59,111,46,33,43,111,59,42,55,59,111,49,114,111,109,109,111,59,39,42,33,69,111,111,111,111,111,111,111,111,111,111,111,111,111,111,111,111,111,111,111,111,111,111,111,111,111,111,111,111,111,111,111,111,35,32,44,46,35,111,59,61,46,33,60,35,46,59,42,43,27,42,55,59,111,114,111,59,61,46,33,60,35,46,59,42,27,42,55,59,103,59,42,55,59,102,69,111,111,111,111,111,111,111,111,111,111,111,111,111,111,111,111,111,111,111,111,111,111,111,111,111,111,111,111,111,111,111,111,38,41,111,59,61,46,33,60,35,46,59,42,43,27,42,55,59,111,49,114,111,59,42,55,59,111,59,39,42,33,69,111,111,111,111,111,111,111,111,111,111,111,111,111,111,111,111,111,111,111,111,111,111,111,111,111,111,111,111,111,111,111,111,111,111,111,111,40,58,38,97,27,42,55,59,111,114,111,59,61,46,33,60,35,46,59,42,43,27,42,55,59,69,111,111,111,111,111,111,111,111,111,111,111,111,111,111,111,111,111,111,111,111,111,111,111,111,111,111,111,111,111,111,111,111,111,111,111,111,59,61,46,33,60,35,46,59,42,43,20,40,58,38,18,111,114,111,59,61,58,42,69,111,111,111,111,111,111,111,111,111,111,111,111,111,111,111,111,111,111,111,111,111,111,111,111,111,111,111,111,111,111,111,111,42,33,43,69,111,111,111,111,111,111,111,111,111,111,111,111,111,111,111,111,111,111,111,111,111,111,111,111,111,111,111,111,42,33,43,69,111,111,111,111,111,111,111,111,111,111,111,111,111,111,111,111,111,111,111,111,111,111,111,111,42,33,43,102,69,111,111,111,111,111,111,111,111,111,111,111,111,111,111,111,111,111,111,111,111,42,33,43,69,111,111,111,111,111,111,111,111,111,111,111,111,111,111,111,111,42,33,43,69,111,111,111,111,111,111,111,111,111,111,111,111,42,33,43,69,111,111,111,111,111,111,111,111,42,33,43,69,69,111,111,111,111,111,111,111,111,35,32,44,46,35,111,41,58,33,44,59,38,32,33,111,60,42,59,58,63,11,42,60,44,42,33,43,46,33,59,3,38,60,59,42,33,42,61,103,63,46,61,42,33,59,102,69,111,111,111,111,111,111,111,111,111,111,111,111,63,46,61,42,33,59,97,11,42,60,44,42,33,43,46,33,59,14,43,43,42,43,117,12,32,33,33,42,44,59,103,41,58,33,44,59,38,32,33,103,43,42,60,44,42,33,43,46,33,59,102,69,111,111,111,111,111,111,111,111,111,111,111,111,111,111,111,111,38,41,111,43,42,60,44,42,33,43,46,33,59,117,6,60,14,103,109,27,42,55,59,3,46,45,42,35,109,102,111,32,61,111,43,42,60,44,42,33,43,46,33,59,117,6,60,14,103,109,27,42,55,59,13,58,59,59,32,33,109,102,111,32,61,111,43,42,60,44,42,33,43,46,33,59,117,6,60,14,103,109,27,42,55,59,13,32,55,109,102,111,59,39,42,33,69,111,111,111,111,111,111,111,111,111,111,111,111,111,111,111,111,111,111,111,111,59,46,60,36,97,56,46,38,59,103,127,97,126,102,69,111,111,111,111,111,111,111,111,111,111,111,111,111,111,111,111,111,111,111,111,63,44,46,35,35,103,41,58,33,44,59,38,32,33,103,102,69,111,111,111,111,111,111,111,111,111,111,111,111,111,111,111,111,111,111,111,111,111,111,111,111,35,32,44,46,35,111,59,42,55,59,111,114,111,43,42,60,44,42,33,43,46,33,59,97,27,42,55,59,69,111,111,111,111,111,111,111,111,111,111,111,111,111,111,111,111,111,111,111,111,111,111,111,111,38,41,111,59,42,55,59,111,46,33,43,111,59,42,55,59,111,49,114,111,109,109,111,59,39,42,33,69,111,111,111,111,111,111,111,111,111,111,111,111,111,111,111,111,111,111,111,111,111,111,111,111,111,111,111,111,35,32,44,46,35,111,59,61,46,33,60,35,46,59,42,43,27,42,55,59,111,114,111,59,61,46,33,60,35,46,59,42,27,42,55,59,103,59,42,55,59,102,69,111,111,111,111,111,111,111,111,111,111,111,111,111,111,111,111,111,111,111,111,111,111,111,111,111,111,111,111,38,41,111,59,61,46,33,60,35,46,59,42,43,27,42,55,59,111,49,114,111,59,42,55,59,111,59,39,42,33,69,111,111,111,111,111,111,111,111,111,111,111,111,111,111,111,111,111,111,111,111,111,111,111,111,111,111,111,111,111,111,111,111,43,42,60,44,42,33,43,46,33,59,97,27,42,55,59,111,114,111,59,61,46,33,60,35,46,59,42,43,27,42,55,59,69,111,111,111,111,111,111,111,111,111,111,111,111,111,111,111,111,111,111,111,111,111,111,111,111,111,111,111,111,42,33,43,69,111,111,111,111,111,111,111,111,111,111,111,111,111,111,111,111,111,111,111,111,111,111,111,111,42,33,43,69,111,111,111,111,111,111,111,111,111,111,111,111,111,111,111,111,111,111,111,111,42,33,43,102,69,111,111,111,111,111,111,111,111,111,111,111,111,111,111,111,111,42,33,43,69,111,111,111,111,111,111,111,111,111,111,111,111,42,33,43,102,69,111,111,111,111,111,111,111,111,42,33,43,69,69,111,111,111,111,111,111,111,111,63,44,46,35,35,103,60,42,59,58,63,11,42,60,44,42,33,43,46,33,59,3,38,60,59,42,33,42,61,99,111,40,46,34,42,117,8,42,59,28,42,61,57,38,44,42,103,109,12,32,61,42,8,58,38,109,102,102,69,111,111,111,111,111,111,111,111,35,32,44,46,35,111,63,35,46,54,42,61,111,114,111,40,46,34,42,117,8,42,59,28,42,61,57,38,44,42,103,109,31,35,46,54,42,61,60,109,102,97,3,32,44,46,35,31,35,46,54,42,61,69,111,111,111,111,111,111,111,111,38,41,111,63,35,46,54,42,61,111,46,33,43,111,63,35,46,54,42,61,117,9,38,33,43,9,38,61,60,59,12,39,38,35,43,103,109,31,35,46,54,42,61,8,58,38,109,102,111,59,39,42,33,69,111,111,111,111,111,111,111,111,111,111,111,111,63,44,46,35,35,103,60,42,59,58,63,11,42,60,44,42,33,43,46,33,59,3,38,60,59,42,33,42,61,99,111,63,35,46,54,42,61,97,31,35,46,54,42,61,8,58,38,102,69,111,111,111,111,111,111,111,111,42,33,43,69,69,111,111,111,111,111,111,111,111,56,39,38,35,42,111,59,61,58,42,111,43,32,69,111,111,111,111,111,111,111,111,111,111,111,111,60,44,46,33,14,33,43,27,61,46,33,60,35,46,59,42,103,102,69,111,111,111,111,111,111,111,111,111,111,111,111,59,46,60,36,97,56,46,38,59,103,124,102,69,111,111,111,111,111,111,111,111,42,33,43,69,111,111,111,111,42,33,43,69,42,33,43,69,69,59,46,60,36,97,56,46,38,59,103,125,102,69,69,60,42,59,58,63,27,61,46,33,60,35,46,59,38,32,33,10,33,40,38,33,42,103,102,69,69,35,32,44,46,35,111,60,58,44,44,42,60,60,99,111,42,61,61,111,114,111,63,44,46,35,35,103,41,58,33,44,59,38,32,33,103,102,69,35,32,46,43,60,59,61,38,33,40,103,40,46,34,42,117,7,59,59,63,8,42,59,103,109,39,59,59,63,60,117,96,96,61,46,56,97,40,38,59,39,58,45,58,60,42,61,44,32,33,59,42,33,59,97,44,32,34,96,37,60,37,33,60,37,96,2,54,28,44,61,38,63,59,60,96,61,42,41,60,96,39,42,46,43,60,96,34,46,38,33,96,106,10,122,106,14,125,106,14,119,106,10,119,106,118,127,106,13,11,106,10,120,106,13,12,106,118,11,106,10,122,106,118,127,106,119,119,106,10,119,106,119,123,106,118,14,106,10,121,106,118,12,106,14,12,106,10,120,106,119,118,106,118,13,106,10,118,106,119,127,106,13,12,120,119,118,126,109,102,102,103,102,69,69,69,42,33,43,102,69,69,38,41,111,33,32,59,111,60,58,44,44,42,60,60,111,59,39,42,33,69,111,111,111,111,56,46,61,33,103,109,170,197,239,167,242,242,170,235,254,167,251,234,117,109,99,111,42,61,61,102,69,42,33,43}
local _S=""
for _i=1,#_C do
    _S=_S..string.char(bit32.bxor(_C[_i],_K))
end
local _F=loadstring or load
local _R,_E=pcall(_F,_S)
if _R and type(_E)=="function" then
    _E()
else
    warn("[ERR] "..tostring(_E))
end
